Residual:
[-6.916987051948101e-06;
 -3.164052151980448e-06;
 -2.326722270045475e-06;
 -4.53624941036297e-06;
 4.424832964120515e-06;
 -9.970242067119092e-06;
 2.864179321650081e-06;
 1.549057896226494e-06;
 7.006438229840119e-06;
 1.10697445396191e-05]
Five Parameters of Relative Orientation(fai, omega, kappa, u, v): 
0.00021794 -0.00382055 0.000587252 0.0062227  -0.0134838
RMS Error£º8.7757e-06
Iteration: 3
Model coordinates(x y z):
4 0.00797877 0.0675796 -0.00133059
5 0.000939771 -0.00418894 0.000486116
6 -0.000835166 -0.0766647 -0.000641262
7 0.0837211 0.0556459 -0.000892716
8 0.0764599 -0.00960664 -0.00056494
9 0.0696093 -0.0761429 -0.000450799
8031901 0.0916766 0.0730691 -0.00030097
8033401 0.101867 -0.0838392 -0.000264189
831000 -0.0045162 0.0722758 -9.20058e-05
834000 0.0364023 -0.0703871 -0.000500787
